%YAML:1.0
---
mtx: !!opencv-matrix
   rows: 3
   cols: 3
   dt: d
   data: [ 1.0373689645826632e+03, 0., 6.6119196835268519e+02, 0.,
       1.0371303099802253e+03, 4.7432201354165971e+02, 0., 0., 1. ]
dist: !!opencv-matrix
   rows: 1
   cols: 5
   dt: d
   data: [ 1.5302256270509537e-01, -1.0268192368914473e+00,
       -1.1448661427995272e-02, 1.2244473223719993e-02,
       7.9634471525310002e-01 ]
