%YAML:1.0
---
mtx: !!opencv-matrix
   rows: 3
   cols: 3
   dt: d
   data: [ 1.1568028323923179e+03, 0., 6.2796810143931509e+02, 0.,
       1.1554802432170941e+03, 4.4291152101335814e+02, 0., 0., 1. ]
dist: !!opencv-matrix
   rows: 1
   cols: 5
   dt: d
   data: [ 4.9696430501694998e-02, -8.7379395846321817e-01,
       -1.3525609271401914e-02, 1.2256539120947329e-02,
       1.5532558333249231e+00 ]
objp: !!opencv-matrix
   rows: 54
   cols: 3
   dt: f
   data: [ 0., 0., 0., 1., 0., 0., 2., 0., 0., 3., 0., 0., 4., 0., 0.,
       5., 0., 0., 6., 0., 0., 7., 0., 0., 8., 0., 0., 0., 1., 0., 1.,
       1., 0., 2., 1., 0., 3., 1., 0., 4., 1., 0., 5., 1., 0., 6., 1.,
       0., 7., 1., 0., 8., 1., 0., 0., 2., 0., 1., 2., 0., 2., 2., 0.,
       3., 2., 0., 4., 2., 0., 5., 2., 0., 6., 2., 0., 7., 2., 0., 8.,
       2., 0., 0., 3., 0., 1., 3., 0., 2., 3., 0., 3., 3., 0., 4., 3.,
       0., 5., 3., 0., 6., 3., 0., 7., 3., 0., 8., 3., 0., 0., 4., 0.,
       1., 4., 0., 2., 4., 0., 3., 4., 0., 4., 4., 0., 5., 4., 0., 6.,
       4., 0., 7., 4., 0., 8., 4., 0., 0., 5., 0., 1., 5., 0., 2., 5.,
       0., 3., 5., 0., 4., 5., 0., 5., 5., 0., 6., 5., 0., 7., 5., 0.,
       8., 5., 0. ]
